# dxfimport generated script file.
Grid mic 1 off;
Set Wire_Bend 2;
CHANGE LAYER 20;
Change Font Vector;
Wire 1 (7500.00 -67500.00) -180.00 (-7500.00 -67500.00);
Wire 1 (-7500.00 -67500.00) (-7500.00 -67777.21);
Wire 1 (-7500.00 -67777.21) +75.52 (-15000.00 -58094.75);
Wire 1 (-15000.00 -58094.75) -61.04 (-58094.75 -15000.00);
Wire 1 (-58094.75 -15000.00) +75.52 (-67777.21 -7500.00);
Wire 1 (-67777.21 -7500.00) (-67500.00 -7500.00);
Wire 1 (-67500.00 -7500.00) -180.00 (-67500.00 7500.00);
Wire 1 (-67500.00 7500.00) (-67777.21 7500.00);
Wire 1 (-67777.21 7500.00) +75.52 (-58094.75 15000.00);
Wire 1 (-58094.75 15000.00) -61.04 (-15000.00 58094.75);
Wire 1 (-15000.00 58094.75) +75.52 (-7500.00 67777.21);
Wire 1 (-7500.00 67777.21) (-7500.00 67500.00);
Wire 1 (-7500.00 67500.00) -180.00 (7500.00 67500.00);
Wire 1 (7500.00 67500.00) (7500.00 67777.21);
Wire 1 (7500.00 67777.21) +75.52 (15000.00 58094.75);
Wire 1 (15000.00 58094.75) -61.04 (58094.75 15000.00);
Wire 1 (58094.75 15000.00) +75.52 (67777.21 7500.00);
Wire 1 (67777.21 7500.00) (67500.00 7500.00);
Wire 1 (67500.00 7500.00) -180.00 (67500.00 -7500.00);
Wire 1 (67500.00 -7500.00) (67777.21 -7500.00);
Wire 1 (67777.21 -7500.00) +75.52 (58094.75 -15000.00);
Wire 1 (58094.75 -15000.00) -61.04 (15000.00 -58094.75);
Wire 1 (15000.00 -58094.75) +75.52 (7500.00 -67777.21);
Wire 1 (7500.00 -67777.21) (7500.00 -67500.00);
Window Fit;
# lines=0, arcs=0, circles=0, polylines=1
Grid last;